{
 "kind": "calendar#events",
 "etag": "\"p32sa17f4j7ffo0g\"",
 "summary": "I-GUIDE External Events",
 "description": "I-GUIDE external events, such as webinars and virtual consulting office",
 "updated": "2023-01-23T17:20:10.707Z",
 "timeZone": "America/Chicago",
 "accessRole": "reader",
 "defaultReminders": [],
 "items": [
  {
   "kind": "calendar#event",
   "etag": "\"3338111709122000\"",
   "id": "2h6uflbr3n02v87ihjbnuh2i1b",
   "status": "confirmed",
   "htmlLink": "https://www.google.com/calendar/event?eid=Mmg2dWZsYnIzbjAydjg3aWhqYm51aDJpMWIgY19mY2YyMWY5ZmQwYjg3Nzc3ZjA2Y2IyNzk2ZDdmYzdhOGZjZGI4ZmM3OWQ5YjRkNTUyYmY0OWE0ZjVlNTMyOTE2QGc&ctz=America/Chicago",
   "created": "2022-11-21T18:37:34.000Z",
   "updated": "2022-11-21T18:37:34.561Z",
   "summary": "[AGU 2022] ED22B - Education and Workforce Development for Convergence and Data Sciences in the Era of Artificial Intelligence and Machine Learning I Poster",
   "location": "https://agu.confex.com/agu/fm22/meetingapp.cgi/Session/159480",
   "creator": {
    "email": "jparkgeo@illinois.edu"
   },
   "organizer": {
    "email": "c_fcf21f9fd0b87777f06cb2796d7fc7a8fcdb8fc79d9b4d552bf49a4f5e532916@group.calendar.google.com",
    "displayName": "I-GUIDE External Events",
    "self": true
   },
   "start": {
    "dateTime": "2022-12-13T09:00:00-06:00",
    "timeZone": "America/Chicago"
   },
   "end": {
    "dateTime": "2022-12-13T12:30:00-06:00",
    "timeZone": "America/Chicago"
   },
   "iCalUID": "2h6uflbr3n02v87ihjbnuh2i1b@google.com",
   "sequence": 0,
   "eventType": "default"
  },
  {
   "kind": "calendar#event",
   "etag": "\"3338111779634000\"",
   "id": "4nmeb4kqq0eg3dugtjvv8qc01f",
   "status": "confirmed",
   "htmlLink": "https://www.google.com/calendar/event?eid=NG5tZWI0a3FxMGVnM2R1Z3RqdnY4cWMwMWYgY19mY2YyMWY5ZmQwYjg3Nzc3ZjA2Y2IyNzk2ZDdmYzdhOGZjZGI4ZmM3OWQ5YjRkNTUyYmY0OWE0ZjVlNTMyOTE2QGc&ctz=America/Chicago",
   "created": "2022-11-21T18:38:09.000Z",
   "updated": "2022-11-21T18:38:09.817Z",
   "summary": "[AGU 2022] ED24A - Education and Workforce Development for Convergence and Data Sciences in the Era of Artificial Intelligence and Machine Learning II Online Poster Discussion",
   "location": "https://agu.confex.com/agu/fm22/meetingapp.cgi/Session/175754",
   "creator": {
    "email": "jparkgeo@illinois.edu"
   },
   "organizer": {
    "email": "c_fcf21f9fd0b87777f06cb2796d7fc7a8fcdb8fc79d9b4d552bf49a4f5e532916@group.calendar.google.com",
    "displayName": "I-GUIDE External Events",
    "self": true
   },
   "start": {
    "dateTime": "2022-12-13T13:45:00-06:00",
    "timeZone": "America/Chicago"
   },
   "end": {
    "dateTime": "2022-12-13T14:45:00-06:00",
    "timeZone": "America/Chicago"
   },
   "iCalUID": "4nmeb4kqq0eg3dugtjvv8qc01f@google.com",
   "sequence": 0,
   "eventType": "default"
  },
  {
   "kind": "calendar#event",
   "etag": "\"3338111967656000\"",
   "id": "3sf1aoje5t2p3skr1o2ck1nq60",
   "status": "confirmed",
   "htmlLink": "https://www.google.com/calendar/event?eid=M3NmMWFvamU1dDJwM3NrcjFvMmNrMW5xNjAgY19mY2YyMWY5ZmQwYjg3Nzc3ZjA2Y2IyNzk2ZDdmYzdhOGZjZGI4ZmM3OWQ5YjRkNTUyYmY0OWE0ZjVlNTMyOTE2QGc&ctz=America/Chicago",
   "created": "2022-11-21T18:39:43.000Z",
   "updated": "2022-11-21T18:39:43.828Z",
   "summary": "[AGU 2022] IN32A - Harnessing the Geospatial Data Revolution to Advance Sustainability Science I Oral",
   "location": "https://agu.confex.com/agu/fm22/meetingapp.cgi/Session/176225",
   "creator": {
    "email": "jparkgeo@illinois.edu"
   },
   "organizer": {
    "email": "c_fcf21f9fd0b87777f06cb2796d7fc7a8fcdb8fc79d9b4d552bf49a4f5e532916@group.calendar.google.com",
    "displayName": "I-GUIDE External Events",
    "self": true
   },
   "start": {
    "dateTime": "2022-12-14T09:00:00-06:00",
    "timeZone": "America/Chicago"
   },
   "end": {
    "dateTime": "2022-12-14T10:30:00-06:00",
    "timeZone": "America/Chicago"
   },
   "iCalUID": "3sf1aoje5t2p3skr1o2ck1nq60@google.com",
   "sequence": 0,
   "eventType": "default"
  },
  {
   "kind": "calendar#event",
   "etag": "\"3338112112430000\"",
   "id": "11uk96ebi16ape6q75u1iniu84",
   "status": "confirmed",
   "htmlLink": "https://www.google.com/calendar/event?eid=MTF1azk2ZWJpMTZhcGU2cTc1dTFpbml1ODQgY19mY2YyMWY5ZmQwYjg3Nzc3ZjA2Y2IyNzk2ZDdmYzdhOGZjZGI4ZmM3OWQ5YjRkNTUyYmY0OWE0ZjVlNTMyOTE2QGc&ctz=America/Chicago",
   "created": "2022-11-21T18:40:56.000Z",
   "updated": "2022-11-21T18:40:56.215Z",
   "summary": "[AGU 2022] IN34B - Harnessing the Geospatial Data Revolution to Advance Sustainability Science II Online Poster Discussion",
   "location": "https://agu.confex.com/agu/fm22/meetingapp.cgi/Session/176232",
   "creator": {
    "email": "jparkgeo@illinois.edu"
   },
   "organizer": {
    "email": "c_fcf21f9fd0b87777f06cb2796d7fc7a8fcdb8fc79d9b4d552bf49a4f5e532916@group.calendar.google.com",
    "displayName": "I-GUIDE External Events",
    "self": true
   },
   "start": {
    "dateTime": "2022-12-14T13:45:00-06:00",
    "timeZone": "America/Chicago"
   },
   "end": {
    "dateTime": "2022-12-14T14:45:00-06:00",
    "timeZone": "America/Chicago"
   },
   "iCalUID": "11uk96ebi16ape6q75u1iniu84@google.com",
   "sequence": 0,
   "eventType": "default"
  },
  {
   "kind": "calendar#event",
   "etag": "\"3338112177474000\"",
   "id": "1hs16nije7a3htfscncmavcipn",
   "status": "confirmed",
   "htmlLink": "https://www.google.com/calendar/event?eid=MWhzMTZuaWplN2EzaHRmc2NuY21hdmNpcG4gY19mY2YyMWY5ZmQwYjg3Nzc3ZjA2Y2IyNzk2ZDdmYzdhOGZjZGI4ZmM3OWQ5YjRkNTUyYmY0OWE0ZjVlNTMyOTE2QGc&ctz=America/Chicago",
   "created": "2022-11-21T18:41:28.000Z",
   "updated": "2022-11-21T18:41:28.737Z",
   "summary": "[AGU 2022] IN35C - Harnessing the Geospatial Data Revolution to Advance Sustainability Science III Poster",
   "location": "https://agu.confex.com/agu/fm22/meetingapp.cgi/Session/160864",
   "creator": {
    "email": "jparkgeo@illinois.edu"
   },
   "organizer": {
    "email": "c_fcf21f9fd0b87777f06cb2796d7fc7a8fcdb8fc79d9b4d552bf49a4f5e532916@group.calendar.google.com",
    "displayName": "I-GUIDE External Events",
    "self": true
   },
   "start": {
    "dateTime": "2022-12-14T14:45:00-06:00",
    "timeZone": "America/Chicago"
   },
   "end": {
    "dateTime": "2022-12-14T18:15:00-06:00",
    "timeZone": "America/Chicago"
   },
   "iCalUID": "1hs16nije7a3htfscncmavcipn@google.com",
   "sequence": 0,
   "eventType": "default"
  },
  {
   "kind": "calendar#event",
   "etag": "\"3338111167012000\"",
   "id": "706tkb3j7utesaqp80ih6o6seg",
   "status": "confirmed",
   "htmlLink": "https://www.google.com/calendar/event?eid=NzA2dGtiM2o3dXRlc2FxcDgwaWg2bzZzZWcgY19mY2YyMWY5ZmQwYjg3Nzc3ZjA2Y2IyNzk2ZDdmYzdhOGZjZGI4ZmM3OWQ5YjRkNTUyYmY0OWE0ZjVlNTMyOTE2QGc&ctz=America/Chicago",
   "created": "2022-11-21T18:33:03.000Z",
   "updated": "2022-11-21T18:33:03.506Z",
   "summary": "[AGU 2022] GC51A - Global-Local-Global Analysis of Sustainability and the Telecoupling of Land and Water Systems I Online Poster Discussion",
   "location": "https://agu.confex.com/agu/fm22/meetingapp.cgi/Session/175922",
   "creator": {
    "email": "jparkgeo@illinois.edu"
   },
   "organizer": {
    "email": "c_fcf21f9fd0b87777f06cb2796d7fc7a8fcdb8fc79d9b4d552bf49a4f5e532916@group.calendar.google.com",
    "displayName": "I-GUIDE External Events",
    "self": true
   },
   "start": {
    "dateTime": "2022-12-16T08:00:00-06:00",
    "timeZone": "America/Chicago"
   },
   "end": {
    "dateTime": "2022-12-16T09:00:00-06:00",
    "timeZone": "America/Chicago"
   },
   "iCalUID": "706tkb3j7utesaqp80ih6o6seg@google.com",
   "sequence": 0,
   "eventType": "default"
  },
  {
   "kind": "calendar#event",
   "etag": "\"3338111402176000\"",
   "id": "3vfol46j4pqja47nn10m55qmie",
   "status": "confirmed",
   "htmlLink": "https://www.google.com/calendar/event?eid=M3Zmb2w0Nmo0cHFqYTQ3bm4xMG01NXFtaWUgY19mY2YyMWY5ZmQwYjg3Nzc3ZjA2Y2IyNzk2ZDdmYzdhOGZjZGI4ZmM3OWQ5YjRkNTUyYmY0OWE0ZjVlNTMyOTE2QGc&ctz=America/Chicago",
   "created": "2022-11-21T18:35:01.000Z",
   "updated": "2022-11-21T18:35:01.088Z",
   "summary": "[AGU 2022] GC52I - Global-Local-Global Analysis of Sustainability and the Telecoupling of Land and Water Systems II Poster",
   "location": "https://agu.confex.com/agu/fm22/meetingapp.cgi/Session/165478",
   "creator": {
    "email": "jparkgeo@illinois.edu"
   },
   "organizer": {
    "email": "c_fcf21f9fd0b87777f06cb2796d7fc7a8fcdb8fc79d9b4d552bf49a4f5e532916@group.calendar.google.com",
    "displayName": "I-GUIDE External Events",
    "self": true
   },
   "start": {
    "dateTime": "2022-12-16T09:00:00-06:00",
    "timeZone": "America/Chicago"
   },
   "end": {
    "dateTime": "2022-12-16T12:30:00-06:00",
    "timeZone": "America/Chicago"
   },
   "iCalUID": "3vfol46j4pqja47nn10m55qmie@google.com",
   "sequence": 0,
   "eventType": "default"
  },
  {
   "kind": "calendar#event",
   "etag": "\"3338111075870000\"",
   "id": "075qk2ahjftsbtm4b5gi0oun7r",
   "status": "confirmed",
   "htmlLink": "https://www.google.com/calendar/event?eid=MDc1cWsyYWhqZnRzYnRtNGI1Z2kwb3VuN3IgY19mY2YyMWY5ZmQwYjg3Nzc3ZjA2Y2IyNzk2ZDdmYzdhOGZjZGI4ZmM3OWQ5YjRkNTUyYmY0OWE0ZjVlNTMyOTE2QGc&ctz=America/Chicago",
   "created": "2022-11-21T18:32:17.000Z",
   "updated": "2022-11-21T18:32:17.935Z",
   "summary": "[AGU2022] GC56D Global-Local-Global Analysis of Sustainability and the Telecoupling of Land and Water Systems III Oral",
   "location": "https://agu.confex.com/agu/fm22/meetingapp.cgi/Session/167657",
   "creator": {
    "email": "jparkgeo@illinois.edu"
   },
   "organizer": {
    "email": "c_fcf21f9fd0b87777f06cb2796d7fc7a8fcdb8fc79d9b4d552bf49a4f5e532916@group.calendar.google.com",
    "displayName": "I-GUIDE External Events",
    "self": true
   },
   "start": {
    "dateTime": "2022-12-16T16:45:00-06:00",
    "timeZone": "America/Chicago"
   },
   "end": {
    "dateTime": "2022-12-16T18:15:00-06:00",
    "timeZone": "America/Chicago"
   },
   "iCalUID": "075qk2ahjftsbtm4b5gi0oun7r@google.com",
   "sequence": 0,
   "eventType": "default"
  },
  {
   "kind": "calendar#event",
   "etag": "\"3348458113230000\"",
   "id": "2fd0fbhb5ofq239nt9luh6v1j8",
   "status": "confirmed",
   "htmlLink": "https://www.google.com/calendar/event?eid=MmZkMGZiaGI1b2ZxMjM5bnQ5bHVoNnYxajggY19mY2YyMWY5ZmQwYjg3Nzc3ZjA2Y2IyNzk2ZDdmYzdhOGZjZGI4ZmM3OWQ5YjRkNTUyYmY0OWE0ZjVlNTMyOTE2QGc&ctz=America/Chicago",
   "created": "2023-01-20T15:37:36.000Z",
   "updated": "2023-01-20T15:37:36.615Z",
   "summary": "I-GUIDE Virtual Consulting Office (VCO) -  SIMPLE-G: A multiscale framework for integration of economic and biophysical determinants of sustainability",
   "description": "Anand Padmanabhan is inviting you to a scheduled Zoom meeting.\n\nJoin Zoom Meeting\n\u003ca href=\"https://www.google.com/url?q=https://illinois.zoom.us/w/87567123706?tk%3DLZHT8eOcc29UFPNtOk4nCfYqZE8z3qJC4iCoeYWPByE.DQMAAAAUY2hE-hZFTGJPMUhxZ1FhMnZmX0Y2NDZjUlR3AAAAAAAAAAAAAAAAAAAAAAAAAAAAAA%26pwd%3DeTN1REhVY09kMlE2Q0MxUDZJME04dz09&amp;sa=D&amp;source=calendar&amp;ust=1674660939136031&amp;usg=AOvVaw01m_anLQcjOakuOAFT2OgB\" target=\"_blank\"\u003ehttps://illinois.zoom.us/w/87567123706?tk=LZHT8eOcc29UFPNtOk4nCfYqZE8z3qJC4iCoeYWPByE.DQMAAAAUY2hE-hZFTGJPMUhxZ1FhMnZmX0Y2NDZjUlR3AAAAAAAAAAAAAAAAAAAAAAAAAAAAAA&amp;pwd=eTN1REhVY09kMlE2Q0MxUDZJME04dz09\u003c/a\u003e\n\nMeeting ID: 875 6712 3706\nPassword: 974910\n\nOne tap mobile\n+13126266799,,87567123706# US (Chicago)\n+17866351003,,87567123706# US (Miami)\n\nDial by your location\n        +1 312 626 6799 US (Chicago)\n        +1 786 635 1003 US (Miami)\n        +1 929 205 6099 US (New York)\n        +1 267 831 0333 US (Philadelphia)\n        +1 301 715 8592 US (Washington DC)\n        +1 470 250 9358 US (Atlanta)\n        +1 470 381 2552 US (Atlanta)\n        +1 646 518 9805 US (New York)\n        +1 651 372 8299 US (Minnesota)\n        +1 720 928 9299 US (Denver)\n        +1 971 247 1195 US (Portland)\n        +1 213 338 8477 US (Los Angeles)\n        +1 253 215 8782 US (Tacoma)\n        +1 346 248 7799 US (Houston)\n        +1 602 753 0140 US (Phoenix)\n        +1 669 219 2599 US (San Jose)\n        +1 669 900 6833 US (San Jose)\n        +1 778 907 2071 Canada\n        +1 438 809 7799 Canada\n        +1 587 328 1099 Canada\n        +1 647 374 4685 Canada\n        +1 647 558 0588 Canada\n        +49 695 050 2596 Germany\n        +49 69 7104 9922 Germany\n        +44 203 481 5240 United Kingdom\n        +44 131 460 1196 United Kingdom\n        +44 203 481 5237 United Kingdom\n        +81 3 4578 1488 Japan\n        +61 8 7150 1149 Australia\n        +61 2 8015 6011 Australia\n        +61 3 7018 2005 Australia\n        +52 554 161 4288 Mexico\n        +65 3158 7288 Singapore\n        +65 3165 1065 Singapore\nMeeting ID: 875 6712 3706\nPassword: 974910\nFind your local number: \u003ca href=\"https://www.google.com/url?q=https://illinois.zoom.us/u/kQPYglGo3&amp;sa=D&amp;source=calendar&amp;ust=1674660939136031&amp;usg=AOvVaw2ccw7m-6sCpFkLqa-o2IQA\" target=\"_blank\"\u003ehttps://illinois.zoom.us/u/kQPYglGo3\u003c/a\u003e\n\nJoin by SIP\n\u003ca href=\"mailto:87567123706@zoomcrc.com\" target=\"_blank\"\u003e87567123706@zoomcrc.com\u003c/a\u003e\n\nJoin by H.323\n162.255.37.11 (US West)\n162.255.36.11 (US East)\n221.122.88.195 (China)\n115.114.131.7 (India Mumbai)\n115.114.115.7 (India Hyderabad)\n213.19.144.110 (Amsterdam Netherlands)\n213.244.140.110 (Germany)\n103.122.166.55 (Australia Sydney)\n103.122.167.55 (Australia Melbourne)\n209.9.211.110 (Hong Kong SAR)\n149.137.40.110 (Singapore)\n64.211.144.160 (Brazil)\n149.137.68.253 (Mexico)\n69.174.57.160 (Canada Toronto)\n65.39.152.160 (Canada Vancouver)\n207.226.132.110 (Japan Tokyo)\n149.137.24.110 (Japan Osaka)\nMeeting ID: 875 6712 3706\nPassword: 974910\n\nJoin by Skype for Business\n\u003ca href=\"https://www.google.com/url?q=https://illinois.zoom.us/skype/87567123706&amp;sa=D&amp;source=calendar&amp;ust=1674660939136031&amp;usg=AOvVaw3YhT_-UcVAOCFEJlmRxD46\" target=\"_blank\"\u003ehttps://illinois.zoom.us/skype/87567123706\u003c/a\u003e\n",
   "location": "https://illinois.zoom.us/w/87567123706?tk=LZHT8eOcc29UFPNtOk4nCfYqZE8z3qJC4iCoeYWPByE.DQMAAAAUY2hE-hZFTGJPMUhxZ1FhMnZmX0Y2NDZjUlR3AAAAAAAAAAAAAAAAAAAAAAAAAAAAAA&pwd=eTN1REhVY09kMlE2Q0MxUDZJME04dz09",
   "creator": {
    "email": "jparkgeo@illinois.edu"
   },
   "organizer": {
    "email": "c_fcf21f9fd0b87777f06cb2796d7fc7a8fcdb8fc79d9b4d552bf49a4f5e532916@group.calendar.google.com",
    "displayName": "I-GUIDE External Events",
    "self": true
   },
   "start": {
    "dateTime": "2023-01-24T12:00:00-06:00",
    "timeZone": "America/Chicago"
   },
   "end": {
    "dateTime": "2023-01-24T13:00:00-06:00",
    "timeZone": "America/Chicago"
   },
   "iCalUID": "2fd0fbhb5ofq239nt9luh6v1j8@google.com",
   "sequence": 0,
   "eventType": "default"
  },
  {
   "kind": "calendar#event",
   "etag": "\"3348459416644000\"",
   "id": "73qssa4vqo99fg3o4vdet7oqdd",
   "status": "confirmed",
   "htmlLink": "https://www.google.com/calendar/event?eid=NzNxc3NhNHZxbzk5ZmczbzR2ZGV0N29xZGQgY19mY2YyMWY5ZmQwYjg3Nzc3ZjA2Y2IyNzk2ZDdmYzdhOGZjZGI4ZmM3OWQ5YjRkNTUyYmY0OWE0ZjVlNTMyOTE2QGc&ctz=America/Chicago",
   "created": "2023-01-20T15:48:28.000Z",
   "updated": "2023-01-20T15:48:28.322Z",
   "summary": "I-GUIDE Webinar Series: A Portfolio Risk Analysis of Aging U.S. Dams in a Changing Climate",
   "description": "Join from a PC, Mac, iPad, iPhone or Android device:\n    Please click this URL to join. \u003ca href=\"https://www.google.com/url?q=https://illinois.zoom.us/w/82301126617?tk%3DQe35BiDCHArNdDfMSf7rnxsFf7Zgr1S27B1sgXJ8Rkg.DQMAAAATKYeH2RZha3VZVjNJNlFEaWFMWXhTMUpEUlJnAAAAAAAAAAAAAAAAAAAAAAAAAAAAAA%26pwd%3DK0NYbkZ3cHNWMXhUMTZJYjdoeGVIQT09%26uuid%3DWN_5xt1Va1RR4eaCAvWg4aEwg&amp;sa=D&amp;source=calendar&amp;ust=1674661692584585&amp;usg=AOvVaw3bomNL5EiB-6NcgMrtbpjG\" target=\"_blank\"\u003ehttps://illinois.zoom.us/w/82301126617?tk=Qe35BiDCHArNdDfMSf7rnxsFf7Zgr1S27B1sgXJ8Rkg.DQMAAAATKYeH2RZha3VZVjNJNlFEaWFMWXhTMUpEUlJnAAAAAAAAAAAAAAAAAAAAAAAAAAAAAA&amp;pwd=K0NYbkZ3cHNWMXhUMTZJYjdoeGVIQT09&amp;uuid=WN_5xt1Va1RR4eaCAvWg4aEwg\u003c/a\u003e\n    Passcode: 231894\n\tDescription: This webinar, featuring Upmanu Lall of Columbia University, Adam Tonks and Jinwoo Park from the University of Illinois Urbana-Champaign, and Jeongwoo Hwang of North Carolina State University, is part of the I-GUIDE Webinar Series hosted by the NSF Institute for Geospatial Understanding through an Integrative Discovery Environment (I-GUIDE; more details at \u003ca href=\"https://www.google.com/url?q=http://iguide.illinois.edu&amp;sa=D&amp;source=calendar&amp;ust=1674661692584585&amp;usg=AOvVaw2B7IOERlp9o1t5lgjpWVeH\" target=\"_blank\"\u003eiguide.illinois.edu\u003c/a\u003e) and the Institute for Sustainability, Energy, and Environment (iSEE).\n\nAbstract: U.S. dams are threatened by age-induced fragility and increased hydrologic stresses due to climate change. In many cases, communities and infrastructure below the dams have also increased dramatically over time, increasing the exposure to dam failure. Given that there are over 90,000 such dams in the United States, a traditional approach to dam risk assessment is challenging to implement. Our I-GUIDE project is taking an integrated approach to the application of &quot;big data&quot; sources so that a national or portfolio risk assessment of these assets can be attempted for the first time. This includes a spatially specific analysis of the climate changes of concern, of what is likely to be impacted if the dams fail, of the cascading effects of those failures on the national economy and other critical infrastructure elements, and the potential resilience of the infrastructure systems given the governance at different levels. The application of machine learning tools, statistical inference, natural language processing and the geo-hypercube together with traditional physics based and economics models is illustrated.\n\nPanelists and Presenters: Lall is the Director of the Columbia Water Center and the Alan &amp; Carol Silberstein Professor of Engineering. Tonks is a Ph.D. Candidate in Statistics and Park is a Postdoctoral Research Associate at the CyberGIS Center for Advanced Digital and Spatial Studies at Illinois. Hang is a Postdoctoral Research Scholar in Civil, Construction, and Environmental Engineering at NCSU.\n\nOr One tap mobile:\n    +13126266799,,82301126617#,,,,*231894# US (Chicago)\n    +19292056099,,82301126617#,,,,*231894# US (New York)\n\nOr join by phone:\n    Dial(for higher quality, dial a number based on your current location):\n        US: +1 312 626 6799  or +1 929 205 6099  or +1 267 831 0333  or +1 301 715 8592  or +1 470 250 9358  or +1 470 381 2552  or +1 646 518 9805  or +1 651 372 8299  or +1 786 635 1003  or +1 971 247 1195  or +1 213 338 8477  or +1 253 215 8782  or +1 346 248 7799  or +1 602 753 0140  or +1 669 219 2599  or +1 669 900 6833  or +1 720 928 9299 \n        Canada: +1 647 558 0588  or +1 778 907 2071  or +1 438 809 7799  or +1 587 328 1099  or +1 647 374 4685 \n        Germany: +49 69 7104 9922  or +49 695 050 2596 \n        United Kingdom: +44 203 481 5240  or +44 131 460 1196  or +44 203 481 5237 \n        Japan: +81 3 4578 1488 \n        Australia: +61 8 7150 1149  or +61 2 8015 6011  or +61 3 7018 2005 \n        Mexico: +52 554 161 4288 \n    Webinar ID: 823 0112 6617\n    Participant ID: 182234\u003cbr\u003e\n    Passcode: 231894\n    International numbers available: \u003ca href=\"https://www.google.com/url?q=https://illinois.zoom.us/u/kkPexgTrO&amp;sa=D&amp;source=calendar&amp;ust=1674661692584585&amp;usg=AOvVaw2w9LcnJU6ZBBQQvzW1rhjc\" target=\"_blank\"\u003ehttps://illinois.zoom.us/u/kkPexgTrO\u003c/a\u003e\n\n\nOr an H.323/SIP room system:\n    H.323: \n        162.255.37.11 (US West)\n        162.255.36.11 (US East)\n        221.122.88.195 (China)\n        115.114.131.7 (India Mumbai)\n        115.114.115.7 (India Hyderabad)\n        213.19.144.110 (Amsterdam Netherlands)\n        213.244.140.110 (Germany)\n        103.122.166.55 (Australia Sydney)\n        103.122.167.55 (Australia Melbourne)\n        209.9.211.110 (Hong Kong SAR)\n        64.211.144.160 (Brazil)\n        69.174.57.160 (Canada Toronto)\n        65.39.152.160 (Canada Vancouver)\n        207.226.132.110 (Japan Tokyo)\n        149.137.24.110 (Japan Osaka)\n    Webinar ID: 823 0112 6617\n    Passcode: 231894\n\n    SIP: \u003ca href=\"mailto:82301126617@zoomcrc.com\" target=\"_blank\"\u003e82301126617@zoomcrc.com\u003c/a\u003e\n    Passcode: 231894\n",
   "location": "https://illinois.zoom.us/w/82301126617?tk=Qe35BiDCHArNdDfMSf7rnxsFf7Zgr1S27B1sgXJ8Rkg.DQMAAAATKYeH2RZha3VZVjNJNlFEaWFMWXhTMUpEUlJnAAAAAAAAAAAAAAAAAAAAAAAAAAAAAA&pwd=K0NYbkZ3cHNWMXhUMTZJYjdoeGVIQT09&uuid=WN_5xt1Va1RR4eaCAvWg4aEwg",
   "creator": {
    "email": "jparkgeo@illinois.edu"
   },
   "organizer": {
    "email": "c_fcf21f9fd0b87777f06cb2796d7fc7a8fcdb8fc79d9b4d552bf49a4f5e532916@group.calendar.google.com",
    "displayName": "I-GUIDE External Events",
    "self": true
   },
   "start": {
    "dateTime": "2023-01-31T12:00:00-06:00",
    "timeZone": "America/Chicago"
   },
   "end": {
    "dateTime": "2023-01-31T13:00:00-06:00",
    "timeZone": "America/Chicago"
   },
   "iCalUID": "73qssa4vqo99fg3o4vdet7oqdd@google.com",
   "sequence": 0,
   "eventType": "default"
  },
  {
   "kind": "calendar#event",
   "etag": "\"3348459186010000\"",
   "id": "044dqpqfg76tkcks76poeimji5",
   "status": "confirmed",
   "htmlLink": "https://www.google.com/calendar/event?eid=MDQ0ZHFwcWZnNzZ0a2Nrczc2cG9laW1qaTUgY19mY2YyMWY5ZmQwYjg3Nzc3ZjA2Y2IyNzk2ZDdmYzdhOGZjZGI4ZmM3OWQ5YjRkNTUyYmY0OWE0ZjVlNTMyOTE2QGc&ctz=America/Chicago",
   "created": "2023-01-20T15:46:33.000Z",
   "updated": "2023-01-20T15:46:33.005Z",
   "summary": "I-GUIDE Virtual Consulting Office (VCO) -  Convergent Curriculum for Geospatial Data Science",
   "description": "Anand Padmanabhan is inviting you to a scheduled Zoom meeting.\n\nJoin Zoom Meeting\n\u003ca href=\"https://www.google.com/url?q=https://illinois.zoom.us/w/84696782713?tk%3DIKoR4pWwOUi6iTVYk5eC_f4tX-l0B7Rbpv4WDnySiZ4.DQMAAAATuFJXeRZmUnI0N3VkaFRGdWRpckFSbEdjNU9nAAAAAAAAAAAAAAAAAAAAAAAAAAAAAA%26pwd%3DN1Y3T1I4cjRiaEUrRWRIMG0xYkp6dz09&amp;sa=D&amp;source=calendar&amp;ust=1674661503394009&amp;usg=AOvVaw0mHZu7Co9sc2xd6gbzw16l\" target=\"_blank\"\u003ehttps://illinois.zoom.us/w/84696782713?tk=IKoR4pWwOUi6iTVYk5eC_f4tX-l0B7Rbpv4WDnySiZ4.DQMAAAATuFJXeRZmUnI0N3VkaFRGdWRpckFSbEdjNU9nAAAAAAAAAAAAAAAAAAAAAAAAAAAAAA&amp;pwd=N1Y3T1I4cjRiaEUrRWRIMG0xYkp6dz09\u003c/a\u003e\n\nMeeting ID: 846 9678 2713\nPassword: 152331\n\nOne tap mobile\n+13126266799,,84696782713# US (Chicago)\n+19292056099,,84696782713# US (New York)\n\nDial by your location\n        +1 312 626 6799 US (Chicago)\n        +1 929 205 6099 US (New York)\n        +1 267 831 0333 US (Philadelphia)\n        +1 301 715 8592 US (Washington DC)\n        +1 470 250 9358 US (Atlanta)\n        +1 470 381 2552 US (Atlanta)\n        +1 646 518 9805 US (New York)\n        +1 651 372 8299 US (Minnesota)\n        +1 786 635 1003 US (Miami)\n        +1 971 247 1195 US (Portland)\n        +1 213 338 8477 US (Los Angeles)\n        +1 253 215 8782 US (Tacoma)\n        +1 346 248 7799 US (Houston)\n        +1 602 753 0140 US (Phoenix)\n        +1 669 219 2599 US (San Jose)\n        +1 669 900 6833 US (San Jose)\n        +1 720 928 9299 US (Denver)\n        +1 647 374 4685 Canada\n        +1 647 558 0588 Canada\n        +1 778 907 2071 Canada\n        +1 438 809 7799 Canada\n        +1 587 328 1099 Canada\n        +49 69 7104 9922 Germany\n        +49 695 050 2596 Germany\n        +44 203 481 5240 United Kingdom\n        +44 131 460 1196 United Kingdom\n        +44 203 481 5237 United Kingdom\n        +81 3 4578 1488 Japan\n        +61 8 7150 1149 Australia\n        +61 2 8015 6011 Australia\n        +61 3 7018 2005 Australia\n        +52 554 161 4288 Mexico\n        +65 3165 1065 Singapore\n        +65 3158 7288 Singapore\nMeeting ID: 846 9678 2713\nPassword: 152331\nFind your local number: \u003ca href=\"https://www.google.com/url?q=https://illinois.zoom.us/u/kd27tGf0xI&amp;sa=D&amp;source=calendar&amp;ust=1674661503394009&amp;usg=AOvVaw24ROlPwXnbtrFCBVSicai2\" target=\"_blank\"\u003ehttps://illinois.zoom.us/u/kd27tGf0xI\u003c/a\u003e\n\nJoin by SIP\n\u003ca href=\"mailto:84696782713@zoomcrc.com\" target=\"_blank\"\u003e84696782713@zoomcrc.com\u003c/a\u003e\n\nJoin by H.323\n162.255.37.11 (US West)\n162.255.36.11 (US East)\n221.122.88.195 (China)\n115.114.131.7 (India Mumbai)\n115.114.115.7 (India Hyderabad)\n213.19.144.110 (Amsterdam Netherlands)\n213.244.140.110 (Germany)\n103.122.166.55 (Australia Sydney)\n103.122.167.55 (Australia Melbourne)\n209.9.211.110 (Hong Kong SAR)\n149.137.40.110 (Singapore)\n64.211.144.160 (Brazil)\n149.137.68.253 (Mexico)\n69.174.57.160 (Canada Toronto)\n65.39.152.160 (Canada Vancouver)\n207.226.132.110 (Japan Tokyo)\n149.137.24.110 (Japan Osaka)\nMeeting ID: 846 9678 2713\nPassword: 152331\n\nJoin by Skype for Business\n\u003ca href=\"https://www.google.com/url?q=https://illinois.zoom.us/skype/84696782713&amp;sa=D&amp;source=calendar&amp;ust=1674661503394009&amp;usg=AOvVaw3WGuVYYd1PhJhlA_zX33Cy\" target=\"_blank\"\u003ehttps://illinois.zoom.us/skype/84696782713\u003c/a\u003e\n",
   "location": "https://illinois.zoom.us/w/84696782713?tk=IKoR4pWwOUi6iTVYk5eC_f4tX-l0B7Rbpv4WDnySiZ4.DQMAAAATuFJXeRZmUnI0N3VkaFRGdWRpckFSbEdjNU9nAAAAAAAAAAAAAAAAAAAAAAAAAAAAAA&pwd=N1Y3T1I4cjRiaEUrRWRIMG0xYkp6dz09",
   "creator": {
    "email": "jparkgeo@illinois.edu"
   },
   "organizer": {
    "email": "c_fcf21f9fd0b87777f06cb2796d7fc7a8fcdb8fc79d9b4d552bf49a4f5e532916@group.calendar.google.com",
    "displayName": "I-GUIDE External Events",
    "self": true
   },
   "start": {
    "dateTime": "2023-02-07T12:00:00-06:00",
    "timeZone": "America/Chicago"
   },
   "end": {
    "dateTime": "2023-02-07T13:00:00-06:00",
    "timeZone": "America/Chicago"
   },
   "iCalUID": "044dqpqfg76tkcks76poeimji5@google.com",
   "sequence": 0,
   "eventType": "default"
  },
  {
   "kind": "calendar#event",
   "etag": "\"3348459157622000\"",
   "id": "43jgs7m84fbnakcic3q7r66euo",
   "status": "confirmed",
   "htmlLink": "https://www.google.com/calendar/event?eid=NDNqZ3M3bTg0ZmJuYWtjaWMzcTdyNjZldW8gY19mY2YyMWY5ZmQwYjg3Nzc3ZjA2Y2IyNzk2ZDdmYzdhOGZjZGI4ZmM3OWQ5YjRkNTUyYmY0OWE0ZjVlNTMyOTE2QGc&ctz=America/Chicago",
   "created": "2023-01-20T15:46:18.000Z",
   "updated": "2023-01-20T15:46:18.811Z",
   "summary": "I-GUIDE Virtual Consulting Office (VCO) -  Understanding Remote Connections: A Gentle Introduction to Telecoupling, Metacoupling, and the Telecoupling Toolbox",
   "description": "Anand Padmanabhan is inviting you to a scheduled Zoom meeting.\n\nJoin Zoom Meeting\n\u003ca href=\"https://www.google.com/url?q=https://illinois.zoom.us/w/87517134504?tk%3DaYiy7zDigy1TKmyPGHJ-55rAKqWTvo3DWdds2rsObSA.DQMAAAAUYG1-qBZnSVhxR3pxS1RsdXBacENCSkYwc2pRAAAAAAAAAAAAAAAAAAAAAAAAAAAAAA%26pwd%3Dd1UwbElqdEE4c2hLTGpUVVNjYXczZz09&amp;sa=D&amp;source=calendar&amp;ust=1674661503394009&amp;usg=AOvVaw3dwDaQ_9wjxlOLciZ9EduS\" target=\"_blank\"\u003ehttps://illinois.zoom.us/w/87517134504?tk=aYiy7zDigy1TKmyPGHJ-55rAKqWTvo3DWdds2rsObSA.DQMAAAAUYG1-qBZnSVhxR3pxS1RsdXBacENCSkYwc2pRAAAAAAAAAAAAAAAAAAAAAAAAAAAAAA&amp;pwd=d1UwbElqdEE4c2hLTGpUVVNjYXczZz09\u003c/a\u003e\n\nMeeting ID: 875 1713 4504\nPassword: 937421\n\nOne tap mobile\n+13126266799,,87517134504# US (Chicago)\n+12678310333,,87517134504# US (Philadelphia)\n\nDial by your location\n        +1 312 626 6799 US (Chicago)\n        +1 267 831 0333 US (Philadelphia)\n        +1 301 715 8592 US (Washington DC)\n        +1 470 250 9358 US (Atlanta)\n        +1 470 381 2552 US (Atlanta)\n        +1 646 518 9805 US (New York)\n        +1 651 372 8299 US (Minnesota)\n        +1 786 635 1003 US (Miami)\n        +1 929 205 6099 US (New York)\n        +1 213 338 8477 US (Los Angeles)\n        +1 253 215 8782 US (Tacoma)\n        +1 346 248 7799 US (Houston)\n        +1 602 753 0140 US (Phoenix)\n        +1 669 219 2599 US (San Jose)\n        +1 669 900 6833 US (San Jose)\n        +1 720 928 9299 US (Denver)\n        +1 971 247 1195 US (Portland)\n        +1 587 328 1099 Canada\n        +1 647 374 4685 Canada\n        +1 647 558 0588 Canada\n        +1 778 907 2071 Canada\n        +1 438 809 7799 Canada\n        +49 695 050 2596 Germany\n        +49 69 7104 9922 Germany\n        +44 131 460 1196 United Kingdom\n        +44 203 481 5237 United Kingdom\n        +44 203 481 5240 United Kingdom\n        +81 3 4578 1488 Japan\n        +61 2 8015 6011 Australia\n        +61 3 7018 2005 Australia\n        +61 8 7150 1149 Australia\n        +52 554 161 4288 Mexico\n        +65 3158 7288 Singapore\n        +65 3165 1065 Singapore\nMeeting ID: 875 1713 4504\nPassword: 937421\nFind your local number: \u003ca href=\"https://www.google.com/url?q=https://illinois.zoom.us/u/kbjdtk3e5n&amp;sa=D&amp;source=calendar&amp;ust=1674661503394009&amp;usg=AOvVaw3w0dJj4eccUp2KlzkZeUYj\" target=\"_blank\"\u003ehttps://illinois.zoom.us/u/kbjdtk3e5n\u003c/a\u003e\n\nJoin by SIP\n\u003ca href=\"mailto:87517134504@zoomcrc.com\" target=\"_blank\"\u003e87517134504@zoomcrc.com\u003c/a\u003e\n\nJoin by H.323\n162.255.37.11 (US West)\n162.255.36.11 (US East)\n221.122.88.195 (China)\n115.114.131.7 (India Mumbai)\n115.114.115.7 (India Hyderabad)\n213.19.144.110 (Amsterdam Netherlands)\n213.244.140.110 (Germany)\n103.122.166.55 (Australia Sydney)\n103.122.167.55 (Australia Melbourne)\n209.9.211.110 (Hong Kong SAR)\n149.137.40.110 (Singapore)\n64.211.144.160 (Brazil)\n149.137.68.253 (Mexico)\n69.174.57.160 (Canada Toronto)\n65.39.152.160 (Canada Vancouver)\n207.226.132.110 (Japan Tokyo)\n149.137.24.110 (Japan Osaka)\nMeeting ID: 875 1713 4504\nPassword: 937421\n\nJoin by Skype for Business\n\u003ca href=\"https://www.google.com/url?q=https://illinois.zoom.us/skype/87517134504&amp;sa=D&amp;source=calendar&amp;ust=1674661503394009&amp;usg=AOvVaw0Q35tnfo7YBtBdMXZq2_e-\" target=\"_blank\"\u003ehttps://illinois.zoom.us/skype/87517134504\u003c/a\u003e\n",
   "location": "https://illinois.zoom.us/w/87517134504?tk=aYiy7zDigy1TKmyPGHJ-55rAKqWTvo3DWdds2rsObSA.DQMAAAAUYG1-qBZnSVhxR3pxS1RsdXBacENCSkYwc2pRAAAAAAAAAAAAAAAAAAAAAAAAAAAAAA&pwd=d1UwbElqdEE4c2hLTGpUVVNjYXczZz09",
   "creator": {
    "email": "jparkgeo@illinois.edu"
   },
   "organizer": {
    "email": "c_fcf21f9fd0b87777f06cb2796d7fc7a8fcdb8fc79d9b4d552bf49a4f5e532916@group.calendar.google.com",
    "displayName": "I-GUIDE External Events",
    "self": true
   },
   "start": {
    "dateTime": "2023-02-14T12:00:00-06:00",
    "timeZone": "America/Chicago"
   },
   "end": {
    "dateTime": "2023-02-14T13:00:00-06:00",
    "timeZone": "America/Chicago"
   },
   "iCalUID": "43jgs7m84fbnakcic3q7r66euo@google.com",
   "sequence": 0,
   "eventType": "default"
  },
  {
   "kind": "calendar#event",
   "etag": "\"3348459117966000\"",
   "id": "6fhvpkcgrmff8bm2arclphsebc",
   "status": "confirmed",
   "htmlLink": "https://www.google.com/calendar/event?eid=NmZodnBrY2dybWZmOGJtMmFyY2xwaHNlYmMgY19mY2YyMWY5ZmQwYjg3Nzc3ZjA2Y2IyNzk2ZDdmYzdhOGZjZGI4ZmM3OWQ5YjRkNTUyYmY0OWE0ZjVlNTMyOTE2QGc&ctz=America/Chicago",
   "created": "2023-01-20T15:45:59.000Z",
   "updated": "2023-01-20T15:45:58.983Z",
   "summary": "I-GUIDE Virtual Consulting Office (VCO) - The I-GUIDE Cyberinfrastructure Platform for enabling integrative discovery",
   "description": "Anand Padmanabhan is inviting you to a scheduled Zoom meeting.\n\nJoin Zoom Meeting\n\u003ca href=\"https://www.google.com/url?q=https://illinois.zoom.us/w/84890366153?tk%3DylM4wqXXlBaB2Lnw52Q0Mzq_vPGbEhnzT3R8JkWYmc0.DQMAAAATw9wwyRZQNEtpUzItcVNxbU4waUVzV3VZd1V3AAAAAAAAAAAAAAAAAAAAAAAAAAAAAA%26pwd%3DRWsrR3paOUNNeXM0OXFHcEVUVEN4QT09&amp;sa=D&amp;source=calendar&amp;ust=1674661503394009&amp;usg=AOvVaw3NmxkMOr7v7NBOrhqdR2u5\" target=\"_blank\"\u003ehttps://illinois.zoom.us/w/84890366153?tk=ylM4wqXXlBaB2Lnw52Q0Mzq_vPGbEhnzT3R8JkWYmc0.DQMAAAATw9wwyRZQNEtpUzItcVNxbU4waUVzV3VZd1V3AAAAAAAAAAAAAAAAAAAAAAAAAAAAAA&amp;pwd=RWsrR3paOUNNeXM0OXFHcEVUVEN4QT09\u003c/a\u003e\n\nMeeting ID: 848 9036 6153\nPassword: 528855\n\nOne tap mobile\n+13126266799,,84890366153# US (Chicago)\n+19292056099,,84890366153# US (New York)\n\nDial by your location\n        +1 312 626 6799 US (Chicago)\n        +1 929 205 6099 US (New York)\n        +1 267 831 0333 US (Philadelphia)\n        +1 301 715 8592 US (Washington DC)\n        +1 470 250 9358 US (Atlanta)\n        +1 470 381 2552 US (Atlanta)\n        +1 646 518 9805 US (New York)\n        +1 651 372 8299 US (Minnesota)\n        +1 786 635 1003 US (Miami)\n        +1 971 247 1195 US (Portland)\n        +1 213 338 8477 US (Los Angeles)\n        +1 253 215 8782 US (Tacoma)\n        +1 346 248 7799 US (Houston)\n        +1 602 753 0140 US (Phoenix)\n        +1 669 219 2599 US (San Jose)\n        +1 669 900 6833 US (San Jose)\n        +1 720 928 9299 US (Denver)\n        +1 647 374 4685 Canada\n        +1 647 558 0588 Canada\n        +1 778 907 2071 Canada\n        +1 438 809 7799 Canada\n        +1 587 328 1099 Canada\n        +49 69 7104 9922 Germany\n        +49 695 050 2596 Germany\n        +44 203 481 5237 United Kingdom\n        +44 203 481 5240 United Kingdom\n        +44 131 460 1196 United Kingdom\n        +81 3 4578 1488 Japan\n        +61 3 7018 2005 Australia\n        +61 8 7150 1149 Australia\n        +61 2 8015 6011 Australia\n        +52 554 161 4288 Mexico\n        +65 3165 1065 Singapore\n        +65 3158 7288 Singapore\nMeeting ID: 848 9036 6153\nPassword: 528855\nFind your local number: \u003ca href=\"https://www.google.com/url?q=https://illinois.zoom.us/u/kfivNJGQ6&amp;sa=D&amp;source=calendar&amp;ust=1674661503394009&amp;usg=AOvVaw2UQ2nSzLo_DzCJTsABttpa\" target=\"_blank\"\u003ehttps://illinois.zoom.us/u/kfivNJGQ6\u003c/a\u003e\n\nJoin by SIP\n\u003ca href=\"mailto:84890366153@zoomcrc.com\" target=\"_blank\"\u003e84890366153@zoomcrc.com\u003c/a\u003e\n\nJoin by H.323\n162.255.37.11 (US West)\n162.255.36.11 (US East)\n221.122.88.195 (China)\n115.114.131.7 (India Mumbai)\n115.114.115.7 (India Hyderabad)\n213.19.144.110 (Amsterdam Netherlands)\n213.244.140.110 (Germany)\n103.122.166.55 (Australia Sydney)\n103.122.167.55 (Australia Melbourne)\n209.9.211.110 (Hong Kong SAR)\n149.137.40.110 (Singapore)\n64.211.144.160 (Brazil)\n149.137.68.253 (Mexico)\n69.174.57.160 (Canada Toronto)\n65.39.152.160 (Canada Vancouver)\n207.226.132.110 (Japan Tokyo)\n149.137.24.110 (Japan Osaka)\nMeeting ID: 848 9036 6153\nPassword: 528855\n\nJoin by Skype for Business\n\u003ca href=\"https://www.google.com/url?q=https://illinois.zoom.us/skype/84890366153&amp;sa=D&amp;source=calendar&amp;ust=1674661503394009&amp;usg=AOvVaw2eTJW4vwzmLX2ci1aTTf0v\" target=\"_blank\"\u003ehttps://illinois.zoom.us/skype/84890366153\u003c/a\u003e\n",
   "location": "https://illinois.zoom.us/w/84890366153?tk=ylM4wqXXlBaB2Lnw52Q0Mzq_vPGbEhnzT3R8JkWYmc0.DQMAAAATw9wwyRZQNEtpUzItcVNxbU4waUVzV3VZd1V3AAAAAAAAAAAAAAAAAAAAAAAAAAAAAA&pwd=RWsrR3paOUNNeXM0OXFHcEVUVEN4QT09",
   "creator": {
    "email": "jparkgeo@illinois.edu"
   },
   "organizer": {
    "email": "c_fcf21f9fd0b87777f06cb2796d7fc7a8fcdb8fc79d9b4d552bf49a4f5e532916@group.calendar.google.com",
    "displayName": "I-GUIDE External Events",
    "self": true
   },
   "start": {
    "dateTime": "2023-02-28T12:00:00-06:00",
    "timeZone": "America/Chicago"
   },
   "end": {
    "dateTime": "2023-02-28T13:00:00-06:00",
    "timeZone": "America/Chicago"
   },
   "iCalUID": "6fhvpkcgrmff8bm2arclphsebc@google.com",
   "sequence": 0,
   "eventType": "default"
  },
  {
   "kind": "calendar#event",
   "etag": "\"3348988821414000\"",
   "id": "2prn0d7bqb273edtiqmmono0vi",
   "status": "confirmed",
   "htmlLink": "https://www.google.com/calendar/event?eid=MnBybjBkN2JxYjI3M2VkdGlxbW1vbm8wdmkgY19mY2YyMWY5ZmQwYjg3Nzc3ZjA2Y2IyNzk2ZDdmYzdhOGZjZGI4ZmM3OWQ5YjRkNTUyYmY0OWE0ZjVlNTMyOTE2QGc&ctz=America/Chicago",
   "created": "2023-01-20T15:45:17.000Z",
   "updated": "2023-01-23T17:20:10.707Z",
   "summary": "I-GUIDE Virtual Consulting Office (VCO) -  An Overview of Cartograms and Gastner's Flow-based Algorithm",
   "description": "Anand Padmanabhan is inviting you to a scheduled Zoom meeting.\n\nJoin Zoom Meeting\n\u003ca href=\"https://www.google.com/url?q=https://illinois.zoom.us/w/86272365933?tk%3DWX-yv6JXNWyWbRg8h_4tkRsofPGtCOuV1hksq0FWeCg.DQMAAAAUFjvVbRZnVEdOT2pYblNiYTVibW1BLTNnNFVRAAAAAAAAAAAAAAAAAAAAAAAAAAAAAA%26pwd%3DdVduS1NXWHFnN2E1cHY2M3gwZ2pxQT09&amp;sa=D&amp;source=calendar&amp;ust=1674661503394009&amp;usg=AOvVaw020lbsfj8Jt-3PkgKlUt__\" target=\"_blank\"\u003ehttps://illinois.zoom.us/w/86272365933?tk=WX-yv6JXNWyWbRg8h_4tkRsofPGtCOuV1hksq0FWeCg.DQMAAAAUFjvVbRZnVEdOT2pYblNiYTVibW1BLTNnNFVRAAAAAAAAAAAAAAAAAAAAAAAAAAAAAA&amp;pwd=dVduS1NXWHFnN2E1cHY2M3gwZ2pxQT09\u003c/a\u003e\n\nMeeting ID: 862 7236 5933\nPassword: 998665\n\nOne tap mobile\n+13126266799,,86272365933# US (Chicago)\n+14703812552,,86272365933# US (Atlanta)\n\nDial by your location\n        +1 312 626 6799 US (Chicago)\n        +1 470 381 2552 US (Atlanta)\n        +1 646 518 9805 US (New York)\n        +1 651 372 8299 US (Minnesota)\n        +1 786 635 1003 US (Miami)\n        +1 929 205 6099 US (New York)\n        +1 267 831 0333 US (Philadelphia)\n        +1 301 715 8592 US (Washington DC)\n        +1 470 250 9358 US (Atlanta)\n        +1 602 753 0140 US (Phoenix)\n        +1 669 219 2599 US (San Jose)\n        +1 669 900 6833 US (San Jose)\n        +1 720 928 9299 US (Denver)\n        +1 971 247 1195 US (Portland)\n        +1 213 338 8477 US (Los Angeles)\n        +1 253 215 8782 US (Tacoma)\n        +1 346 248 7799 US (Houston)\n        +1 647 374 4685 Canada\n        +1 647 558 0588 Canada\n        +1 778 907 2071 Canada\n        +1 438 809 7799 Canada\n        +1 587 328 1099 Canada\n        +49 69 7104 9922 Germany\n        +49 695 050 2596 Germany\n        +44 131 460 1196 United Kingdom\n        +44 203 481 5237 United Kingdom\n        +44 203 481 5240 United Kingdom\n        +81 3 4578 1488 Japan\n        +61 2 8015 6011 Australia\n        +61 3 7018 2005 Australia\n        +61 8 7150 1149 Australia\n        +52 554 161 4288 Mexico\n        +65 3165 1065 Singapore\n        +65 3158 7288 Singapore\nMeeting ID: 862 7236 5933\nPassword: 998665\nFind your local number: \u003ca href=\"https://www.google.com/url?q=https://illinois.zoom.us/u/kegUBYhVO2&amp;sa=D&amp;source=calendar&amp;ust=1674661503394009&amp;usg=AOvVaw2CLuEbEvPo-qo33wFCCnrx\" target=\"_blank\"\u003ehttps://illinois.zoom.us/u/kegUBYhVO2\u003c/a\u003e\n\nJoin by SIP\n\u003ca href=\"mailto:86272365933@zoomcrc.com\" target=\"_blank\"\u003e86272365933@zoomcrc.com\u003c/a\u003e\n\nJoin by H.323\n162.255.37.11 (US West)\n162.255.36.11 (US East)\n221.122.88.195 (China)\n115.114.131.7 (India Mumbai)\n115.114.115.7 (India Hyderabad)\n213.19.144.110 (Amsterdam Netherlands)\n213.244.140.110 (Germany)\n103.122.166.55 (Australia Sydney)\n103.122.167.55 (Australia Melbourne)\n209.9.211.110 (Hong Kong SAR)\n149.137.40.110 (Singapore)\n64.211.144.160 (Brazil)\n149.137.68.253 (Mexico)\n69.174.57.160 (Canada Toronto)\n65.39.152.160 (Canada Vancouver)\n207.226.132.110 (Japan Tokyo)\n149.137.24.110 (Japan Osaka)\nMeeting ID: 862 7236 5933\nPassword: 998665\n\nJoin by Skype for Business\n\u003ca href=\"https://www.google.com/url?q=https://illinois.zoom.us/skype/86272365933&amp;sa=D&amp;source=calendar&amp;ust=1674661503394009&amp;usg=AOvVaw2BJEu2grw7GjWOtW4clc3C\" target=\"_blank\"\u003ehttps://illinois.zoom.us/skype/86272365933\u003c/a\u003e\n",
   "location": "https://illinois.zoom.us/w/86272365933?tk=WX-yv6JXNWyWbRg8h_4tkRsofPGtCOuV1hksq0FWeCg.DQMAAAAUFjvVbRZnVEdOT2pYblNiYTVibW1BLTNnNFVRAAAAAAAAAAAAAAAAAAAAAAAAAAAAAA&pwd=dVduS1NXWHFnN2E1cHY2M3gwZ2pxQT09",
   "creator": {
    "email": "jparkgeo@illinois.edu"
   },
   "organizer": {
    "email": "c_fcf21f9fd0b87777f06cb2796d7fc7a8fcdb8fc79d9b4d552bf49a4f5e532916@group.calendar.google.com",
    "displayName": "I-GUIDE External Events",
